MSA	SPOP	SEMP	SHH
40	147.848	111.406	57.995
80	735.194	564.587	320.091
120	155.664	85.1	57.064
160	1012.043	777.297	422.873
199	1549.349	782.003	640.134
200	1330.525	816.549	555.446
220	149.157	109.018	60.526
240	992.739	554.007	395.369
280	120.724	102.229	47.753
299	570.599	345.346	223.293
320	313.477	213.621	121.663
380	383.3	293.048	145.124
440	857.486	504.37	358.246
450	128.317	86.305	58.61
460	485.07	352.748	192.916
480	378.436	258.468	164.226
499	1099.882	495.819	423.682
500	264.439	174.188	104.492
520	8231.433	4781.287	3041.793
560	485.812	341.644	195.806
580	209.739	100.904	89.146
599	1580.415	880.757	663.427
600	650.634	402.365	262.382
640	3156.629	2015.992	1179.194
680	1148.67	539.136	330.5
699	1671.07	829.226	628.216
720	3706.045	2382.178	1554.055
730	44.03863032	34.0047853	18.9637589
740	219.7765625	148.0771875	102.2016875
760	1071.642	708.702	418.066
840	445.817	277.565	172.589
860	343.867	199.189	142.995
870	158.722	94.498	66.324
875	1456.306	1075.481	539.74
880	197.688	152.011	81.962
899	1109.313	744.27	435.5
920	447.294	284.516	184.756
960	242.176	157.446	98.821
999	975.0996245	691.4862845	392.5955595
1000	1368.443	847.102	558.829
1010	141.893	112.491	59.069
1020	160.672	120.943	73.067
1040	229.325	184.303	95.8
1080	1019.39	633.517	373.298
1099	302.755	147.779	133.373
1120	3993.990806	3074.497656	1655.875103
1125	493.316	412.314	200.586
1145	496.098	210.674	177.923
1150	373.543	203.179	151.982
1160	309.3410774	241.2288333	118.6062024
1200	412.8319703	237.2657738	165.8135
1240	633.052	293.686	200.389
1260	276.963	180.635	103.485
1280	1129.349	740.83	465.879
1299	2041.576	952.507	853.284
1305	191.6245777	153.2964667	77.24955556
1320	432.03	303.147	184.534
1350	99.923	77.702	40.171
1360	276.793	196.766	120.997
1399	3783.572	2002.96	1461.849
1400	207.484	160.774	91.285
1440	1100.151	695.664	447.657
1480	255.537	230.282	111.643
1520	3029.85	1866.142	1229.39
1540	254.293	193.736	111.258
1560	614.721	414.695	252.378
1580	112.77	85.028	39.843
1599	695.825	413.606	273.186
1600	10919.502	6864.371	4034.754
1620	291.524	158.478	116.378
1640	2202.714	1498.538	952.607
1660	371.94	186.168	148.072
1680	2220.27	1680.288	949.472
1699	1361.986	842.279	519.971
1720	930.157	564.367	359.13
1740	240.588	167.115	104.615
1760	889.971	600.418	356.549
1799	1873.484	1100.673	784.838
1800	333.922	237.881	128.2
1840	2291.153	1623.114	1004.262
1880	463.453	310.041	178.485
1890	103.2	79.689	42.517
1899	1856.681	1090.27	763.163
1900	98.395	61.188	42.354
1920	6784.54	4296.609	2454.044
1930	278.5170962	219.559	105.7134615
1950	106.595	66.372	49.74
1960	389.815	283.329	167.189
1999	1613.854	1274.556	680.319
2000	915.156	647.511	375.106
2020	907.607	395.474	402.891
2030	166.091	80.715	69.882
2040	102.04	79.96	44.693
2080	3682.328	2364.701	1419.088
2099	1209.581	883.328	488.225
2120	749.065	557.644	312.49
2160	4592.929	2868.164	1904.071
2180	188.841	117.653	80.808
2190	279.598	155.085	117.422
2199	2620.355	1374.953	1106.831
2200	103.994	97.172	42.392
2240	248.033	192.202	103.32
2281	366.911	235.092	136.068
2290	231.659	163.428	102.167
2299	1272.009	723.965	488.057
2320	1226.99	636.942	418.711
2330	244.463	176.796	90.036
2335	81.77	56.086	32.444
2340	59.402	51.515	24.8
2360	289.739	220.56	110.731
2399	1100.070489	759.4917909	480.8953173
2400	481.293	279.369	214.357
2440	346.61	220.179	147.169
2499	646.869	394.862	275.971
2520	257.712	222.46	111.636
2560	405.488	297.297	167.594
2580	767.601	472.804	301.763
2599	726.5354633	563.2463604	310.8546756
2600	198.5319037	123.1451593	81.9902
2620	220.353	158.29	83.989
2640	433.062	238.994	184.204
2650	159.426	87.053	70.473
2655	166.6	121.07	65.072
2670	505.719	369.899	209.728
2680	2588.714	1611.063	978
2699	2114.73	1056.492	883.063
2700	996.036	466.3	462.327
2710	726.546	334.496	327.369
2720	305.45	184.673	124.772
2750	280.255	214.412	124.915
2760	650.054	422.426	273.254
2799	1787.065	1249.043	757.127
2800	3186.157	1752.876	1160.727
2840	1516.133	756.011	500.903
2880	114.25	59.074	47.476
2899	2103.836	1173.129	815.99
2900	329.756	253.883	143.148
2920	452.497	229.544	180.072
2960	784.278	424.054	308.525
2975	150.826	89.307	64.734
2980	123.961	76.334	53.289
2985	115.385	95.116	48.634
2995	206.03	131.652	86.128
2999	2254.965	1330.449	942.098
3000	1479.518	904.981	577.143
3040	88.198	67.697	40.521
3060	361.395	168.088	126.305
3080	317.75	241.116	125.897
3099	960.292	670.06	420.113
3120	1750.177	1113.804	730.964
3150	255.655	173.702	107.796
3160	1366.21	845.949	579.255
3180	190.791	102.567	78.382
3199	836.898	653.564	345.892
3200	477.368	281.927	193.742
3240	820.16	605.177	353.676
3280	1235.308646	933.5850178	515.4813167
3285	189.687	121.555	70.513
3290	461.844	265.582	193.498
3299	422.624	286.404	160.66
3320	1094.991	848.343	383.653
3350	231.46	183.618	90.931
3360	7958.307	5110.877	2753.695
3399	835.96564	588.886838	363.7389694
3400	329.154	199.384	139.709
3440	629.633	436.114	263.724
3480	2447.252	1648.535	1024.189
3500	210.695	168.782	95.731
3520	168.539	89.317	64.875
3560	665.063	475.783	250.162
3580	135.93	108.964	54.112
3599	1074.471	598.9	427.327
3600	1902.723	1255.799	790.213
3605	179.093	120.34	68.987
3610	135.213	88.454	53.794
3620	186.755	103.179	73.529
3640	633.247	391.165	247.018
3660	601.481	394.586	259.38
3680	207.968	151.129	80.507
3699	1618.524	965.172	637.742
3700	130.171	87.178	56.578
3710	222.773	134.638	88.861
3720	537.682	303.414	229.606
3740	137.238	68.291	52.475
3760	2704.165	1809.668	1132.361
3799	3688.646	1976.916	1545.198
3800	223.481	105.239	85.976
3810	511.367	308.343	182.976
3840	1241.531	794.052	538.524
3850	100.368	64.355	46.049
3870	182.812	130.125	77.633
3880	554.179	361.633	216.34
3899	348.5	299.519	145.752
3920	242.1	156.852	99.392
3960	222.735	160.337	86.853
3980	880.964	436.255	357.541
3999	2440.046	1451.746	1003.639
4000	674.815	453.881	271.871
4040	521.477	368.283	228.521
4080	443.892	218.147	128.331
4099	1636.671	1010.236	668.42
4100	288.044	147.319	108.475
4120	3650.642	2257.361	1352.497
4150	160.158	87.968	67.917
4160	412.8916367	259.7149701	169.579246
4199	1415.579	817.631	592.411
4200	117.654	89.728	42.452
4240	94.97221429	69.94997355	40.68666931
4280	725	496.849	296.385
4299	2203.347	1277.413	904.915
4320	158.875	114.009	60.896
4360	396.554	299.943	170.191
4400	863.227	612.912	361.517
4420	293.102	210.167	116.189
4480	11102.985	6946.536	3616.305
4499	41.45473015	30.50653968	19.56555556
4520	1358.999	968.202	578.216
4560	328.6838543	275.3896894	136.4335484
4599	1599.658	797.139	670.067
4600	324.163	233.216	134.871
4640	304.138	195.993	125.905
4680	487.45	323.173	194.663
4699	552.404	443.666	228.669
4720	751.399	614.839	324.806
4760	140.3453149	97.10910646	57.87913803
4799	2489.684	1251.268	1061.828
4800	161.5	104.403	63.397
4880	1479.307	635.876	441.328
4890	321.944	184.168	134.726
4899	4201.702	2500.09	1563.241
4900	724.875	409.151	330.938
4920	1557.566	1115.138	636.174
4940	367.28	140.54	111.293
4999	1272.971	745.492	423.614
5000	3247.282	2008.418	1052.823
5015	1676.293	1138.621	617.39
5080	1822.619	1283.565	760.244
5099	612.2876222	436.9799333	271.0676444
5120	4558.887	3154.881	1849.598
5140	178.552	119.471	78.683
5160	792.008	472.561	317.086
5170	756.367	330.768	238.786
5190	1735.657	821.924	684.032
5199	2096.683	1179.213	903.726
5200	168.15	127.206	65.55
5240	475.558	307.458	179.618
5280	107.586	72.336	47.516
5330	478.793	258.603	209.811
5345	575.563	351.678	250.095
5350	307.2296462	217.6504327	125.8532336
5360	2380.923	1574.064	1000.059
5380	3293.235	2078.361	1135.042
5399	1490.444	810.064	606.376
5400	265.9033809	149.6786071	110.0239405
5480	381.5183393	269.124375	152.2774018
5499	1112.29	617.722	479.34
5520	305.4951253	222.4741662	133.1172721
5560	1565.139	972.051	645.213
5599	2169.776	1420.651	895.64
5600	11337.965	6807.704	4322.081
5640	2289.773	1632.332	843.035
5660	669.932	287.537	241.33
5699	499.655	389.19	208.864
5720	2299.77	1536.656	942.005
5775	3264.779	1979.562	1173.14
5790	556.444	254.149	249.444
5800	375.852	272.932	143.744
5880	1611.536	1059.725	676.915
5910	397.613	224.437	170.77
5920	1058.739	770.026	440.194
5945	4064.342	2969.307	1275.687
5960	3421.213	2193.542	1357.816
5990	99.058	68.346	42.842
6015	235.725	161.088	100.76
6020	154.054	101.895	63.69
6080	738.93	384.241	303.041
6120	372.413	287.616	157.797
6160	6039.394	4255.646	2440.783
6200	7065.594	4056.924	2545.53
6240	75.575	49.573	27.225
6280	2407.531	1846.13	1014.448
6320	45.7275	40.848375	20.23425
6340	105.79	76.448	39.082
6400	300.5095421	259.7318004	125.7972949
6440	3275.79	2002.974	1297.234
6450	420.8786222	262.9552268	176.785357
6480	1386.351066	885.2173319	587.5235148
6520	1048.019	495.835	308.315
6560	196.645	102.801	75.985
6580	250.062	115.106	126.582
6600	229.483	119.462	86.774
6640	2612.767	1724.47	1057.078
6660	124.042	90.334	50.58
6680	484.042	309.095	187.476
6690	266.655	134.178	113.237
6720	666.289	461.979	249.223
6740	392.062	215.724	148.128
6760	1757.071	1124.327	727.515
6780	7889.098	2896.262	2448.002
6800	282.238	244.2	122.92
6820	224.094	181.49	93.137
6840	1129.882	830.731	438.171
6880	521.298	280.758	211.234
6895	176.672	109.6	71.712
6920	2889.434	1682.009	1129.04
6960	390.406	265.526	160.7
6980	271.284	193.704	115.531
7000	115.358	82.276	47.502
7040	3215.734	2199.879	1351.817
7080	562.533	301.707	211.551
7120	496.563	330.464	138.731
7160	2324.706	1625.254	777.446
7200	125.437	80.031	52.823
7240	3002.109	1796.759	1120.042
7320	4368.021	2946.18	1579.976
7360	1959.174	1732.818	766.922
7400	2188.846	1617.006	706.719
7460	382	230.746	154.227
7480	480.09	367.593	161.887
7485	332.905	213.334	116.662
7490	267.489	188.873	113.531
7500	653.331	418.691	248.716
7510	1027.867	583.027	472.345
7520	479.778	312.882	196.64
7560	640.032	454.179	270.508
7600	3682.297	2719.952	1527.678
7610	115.186	83.473	47.346
7620	145.13	106.683	58.757
7640	152.29	83.56	59.386
7680	486.012	331.332	193.593
7720	129.269	88.945	49.497
7760	333.679	240.761	137.161
7800	307.297	201.014	122.618
7840	665.152	409.184	271.171
7880	225.17	165.105	101.901
7920	637.846	384.395	280.78
8000	446.7726867	305.1619203	187.5111206
8040	250.55375	204.3715	94.3145
8050	195.456	185.612	75.96
8080	114.442	66.517	50.799
8120	1000.72	436.878	323.209
8140	117.192	65.696	45.666
8160	726.459	518.574	293.434
8200	1108.333	603.557	440.238
8240	485.832	338.9	202.305
8280	3925.172	2501.124	1706.37
8320	144.871	98.939	59.625
8360	162.192	95.384	65.872
8400	617.246	446.596	253.842
8440	190.176	129.613	84.893
8480	435.642	386.873	155.646
8520	1706.764	977.954	700.476
8560	1106.718	737.69	454.751
8600	260.809	157.272	113.289
8640	312.276	208.075	118.737
8680	283.648	222.781	112.555
8720	766.409	390.68	264.544
8735	1051.5	591.256	349.078
8750	104.321	78.99	38.231
8760	175.106	95.357	61.55
8780	589.533	281.949	186.981
8800	329.288	202.894	123.268
8840	8472.08	6048.232	3379.277
8880	162.0250605	109.7465	64.74667583
8920	141.175	118.813	58.985
8940	158.224	117.302	62.895
8960	2217.142	1422.161	937.657
9000	139.499	105.036	57.266
9040	694.604	495.664	279.093
9080	148.104	96.093	57.06
9140	118.255	91.146	48.814
9160	793.146	494.366	317.339
9200	494.166	305.667	218.081
9240	606.9754222	358.9193992	251.5353292
9260	287.497	169.275	97.711
9270	324.427	202.297	112.876
9280	592.766	323.264	249.481
9320	502.348	326.537	211.801
9340	228.298	101.685	79.988
9360	396.52	160.296	146.343
